12.5524 16.0616
12.1808 15.3424
11.4139 14.776
9.91734 14.3533
9.62524 14.0232
9.38817 13.2604
9.2525 12.8696
8.60438 12.715
8.55323 12.5856
8.16955 12.3469
8.08483 12.2641
7.61372 12.1503
7.61372 11.9315
7.42486 12.0389
7.41777 11.7197
7.39873 11.7041
7.39873 11.8964
7.39873 11.6584
7.39873 11.628
7.49414 11.6583
7.41777 11.7491
7.33167 11.8702
7.32984 11.6279
7.29843 11.5338
7.28024 11.5042
7.27939 11.6252
7.14497 11.5274
7.14497 11.5195
7.14497 11.5492
6.9443 11.414
6.73208 11.4563
6.73208 11.2742
6.72691 11.2038
6.72691 11.3207
6.72691 11.1813
6.72691 11.216
6.59874 11.1496
6.59874 11.0144
6.59874 10.9577
6.59874 11.0315
6.59874 11.1656
6.56321 11.0378
6.56321 11.0191
6.56321 10.9651
6.52402 11.0288
6.44063 11.102
6.39798 10.9165
6.38205 10.9677
6.30614 10.9285
6.30614 10.8011
6.30614 10.6737
6.30614 10.5585
6.30614 10.6967
6.25321 10.7607
6.28405 10.7749
6.26432 10.8238
6.28405 10.8773
6.28405 10.7545
6.28405 10.9593
6.28405 11.0967
6.25321 10.7011
6.25321 10.6994
6.12598 10.9136
6.23277 11.0494
5.96349 10.8757
5.96349 10.7514
6.05436 10.8113
6.05436 10.6298
5.96349 10.6264
5.57105 10.7705
5.48018 10.3698
5.48018 10.5428
5.48018 10.6719
5.44026 10.2757
5.44026 10.0966
5.42434 10.2172
5.42434 10.3461
5.42434 10.3036
5.46266 10.2449
5.48811 10.4916
5.42434 10.4167
5.46266 10.338
5.44026 10.4143
5.44026 10.253
5.4291 10.1594
5.4291 10.2322
5.42434 10.3486
5.42434 10.1081
5.42434 10.1879
5.42434 10.3677
5.42434 10.3995
5.42434 10.211
5.44026 10.2424
5.44026 10.2951
5.91678 10.4123
5.48346 10.4947
5.48346 10.5007
5.46445 10.2148
5.46445 10.3311
5.46445 10.3384
5.48346 10.3176
5.43067 10.4396
5.41474 10.3404
5.43067 10.325
5.58859 10.3507
5.43067 10.7074
5.43067 10.4034
5.44026 10.3709
5.44026 10.4057
5.42434 10.6349
5.42434 10.2813
5.43544 10.4619
5.41951 10.4017
5.41951 10.1131
5.41951 10.1193
5.41951 10.1979
5.39204 10.0654
5.41951 10.0304
5.41951 10.2628
5.36989 10.3371
5.36989 10.1372
5.36989 10.3638
5.36989 10.1635
5.38582 10.1725
5.36989 10.3368
5.36989 10.0609
5.36989 10.0754
5.36989 10.2392
5.36989 10.3667
5.36989 10.3773
5.36989 10.1407
5.34242 10.3176
5.34242 10.3292
5.32989 10.1689
5.32989 10.1245
5.32989 10.187
5.25908 10.174
5.35534 10.0831
5.25908 10.2057
5.49595 10.0743
5.28753 10.4801
5.3754 10.4174
5.28453 10.5738
5.28453 10.2489
5.3754 10.4593
5.28453 10.3948
5.25908 10.1227
5.25908 10.2862
5.25908 10.2191
5.25908 10.0204
5.25908 10.3323
5.34569 10.2812
5.28453 10.3453
5.34924 10.1118
5.25908 10.4788
5.3754 10.1382
5.3754 10.3058
5.3754 10.602
5.25908 10.3404
5.25908 10.3587
5.25908 10.2592
5.21731 10.0623
5.25908 10.1742
5.13727 10.2369
5.13727 10.1339
5.13727 10.0535
5.13727 9.96441
5.13727 10.2526
5.13727 10.1566
5.16811 10.2132
5.13727 10.1549
5.13727 10.1812
5.13727 10.1793
5.13727 10.0713
5.13727 10.0402
5.13727 10.0178
5.13727 10.0687
5.13727 10.0614
5.13727 9.90277
5.13727 9.93232
5.13727 10.0214
5.13727 10.0319
5.28453 10.1612
5.13727 10.4078
5.13727 10.097
5.25908 10.1783
5.13727 10.2503
5.13727 10.0839
5.13727 9.858
5.13727 10.0343
5.16811 10.004
5.16811 10.1882
5.21731 10.2913
5.16811 10.2375
5.13727 10.3226
5.13727 10.1844
5.13727 10.1413
5.30528 10.279
5.31287 10.3677
5.31287 10.2047
5.27539 10.2482
5.24643 10.4154
5.24643 10.5136
5.16811 10.3278
5.13727 10.3731
5.21558 10.2314
5.13727 10.1692
5.13727 10.2715
5.13727 10.0737
5.13727 10.1947
5.13727 10.0074
5.13727 10.1073
5.13727 9.98136
5.13727 9.96054
5.13727 9.81661
5.13727 10.1087
5.13727 10.1356
5.13727 10.0018
5.13727 9.9931
5.13727 9.861
5.13727 10.112
5.13727 10.1185
5.13727 10.2619
5.13727 9.97798
5.13727 9.83994
5.13727 10.1167
5.13727 10.1775
5.25898 9.85744
5.16811 10.1601
5.16811 10.1548
5.13727 10.0587
5.13727 10.0767
5.13727 10.0943
5.13727 10.0331
5.13727 9.86303
5.16811 10.0015
5.16811 10.2586
5.13727 10.1329
5.13727 10.2471
5.08012 10.0592
5.08012 10.2692
5.08012 10.1642
5.08012 9.97872
5.1173 10.0669
5.1173 10.1566
5.1173 10.3547
5.08012 10.4521
5.08012 10.1298
5.41499 10.1633
5.1173 10.3631
5.1173 10.0901
5.1173 10.29
5.1173 10.2069
5.1173 10.1949
5.1173 10.0612
5.08012 9.7338
5.08012 10.1074
5.08012 10.1764
5.08012 9.94106
5.08012 9.78927
5.08012 9.86909
5.0607 9.68961
5.08012 10.109
5.08012 9.96806
5.0607 10.2372
5.0607 10.2292
5.0607 10.0758
5.08012 9.99774
5.0607 10.2477
5.0607 10.0015
5.0607 10.0951
5.0607 9.99347
5.0607 9.94221
5.18788 10.0397
5.0607 9.98498
5.0607 9.99115
5.0607 9.84769
5.0607 9.91722
5.0607 9.96587
5.0607 9.96307
5.0607 10.128
5.0607 10.1776
5.0607 10.0766
5.0607 10.2211
5.0607 10.0063
5.0607 9.78031
5.0607 10.0329
5.0607 9.99678
5.09701 10.0943
5.09701 10.1167
5.09701 10.0076
5.08434 10.0024
5.09701 10.2094
5.0607 9.8935
5.09701 10.0983
5.40985 10.1688
5.25093 10.353
5.25493 10.5222
5.18788 10.4136
5.09701 10.4437
5.0607 10.3909
5.0607 10.1283
5.0607 10.0578
5.0607 10.0562
5.0607 9.90077
5.0607 9.91847
5.10005 10.0982
5.10005 10.2737
5.10005 10.1085
5.10005 10.1176
5.10005 10.2499
5.10005 10.201
5.10005 10.1286
5.10005 10.0465
5.06392 10.2245
5.06392 9.9783
5.06392 9.85767
5.06392 10.0368
5.06392 9.79129
5.06392 9.94146
5.06392 10.1553
5.06392 10.008
5.06392 10.1943
5.06392 10.0057
5.0607 9.90148
5.0607 10.0009
5.0607 9.79227
5.0607 9.90489
5.0607 9.83347
5.0607 9.72349
5.0607 9.9761
5.0607 9.86186
5.0607 9.91367
5.18788 10.0682
5.25493 10.2938
5.25493 10.2057
5.0607 9.74487
5.0607 9.88298
5.0607 10.1211
5.0607 10.1335
5.0607 10.0215
5.0607 9.94438
5.0607 10.0111
5.0607 9.90694
5.0607 9.96251
5.0607 10.0134
5.0607 10.0422
5.0607 9.75329
5.0607 10.0577
5.0607 9.93881
5.09701 10.118
5.0607 10.1515
5.0607 10.3052
5.0474 9.95873
5.0607 9.82721
5.0607 10.0804
5.0607 9.89075
5.0474 10.0317
5.17521 10.165
5.17521 10.3152
5.08917 10.0587
5.24226 10.2805
5.08434 10.339
5.08434 9.99498
5.08434 10.1557
5.0474 10.2359
5.0474 10.0262
5.0474 9.92851
5.0474 9.90643
5.0474 10.0186
5.0474 9.84514
5.2219 9.80463
5.0474 10.2682
5.06519 10.1656
5.06519 10.0226
5.06519 10.25
5.06519 9.97828
5.06519 10.0284
5.06519 9.94432
5.06519 10.1005
5.06519 9.94181
5.17598 10.1754
5.17598 10.0492
5.19239 10.0651
5.04817 10.2474
5.04817 10.0253
5.04817 9.9747
5.08511 10.162
5.17598 10.1348
5.17598 10.1576
5.04817 10.2769
5.00204 10.2024
5.00204 10.1912
5.00204 10.0836
5.00204 9.94086
5.00204 10.1267
5.00204 9.89583
5.00204 9.89737
5.00204 9.98916
5.00204 10.0658
5.00204 9.85869
5.00204 9.72482
5.03898 10.1268
5.03898 10.0454
5.03898 10.0686
5.03898 10.0377
5.00204 9.99587
5.00204 10.0157
5.00204 10.0821
5.00204 9.8361
5.00204 9.95407
5.00204 9.97728
5.00204 10.2171
5.00204 10.2391
5.1969 10.136
5.12985 10.132
5.00204 10.2069
5.00204 10.0606
5.00204 9.86618
5.00204 10.1329
5.00204 9.95388
5.00204 9.92724
5.00204 9.80902
5.00204 9.88889
5.00204 10.0503
5.00204 10.0195
5.00204 9.83532
5.00204 9.98467
5.00204 9.99219
5.00204 9.90029
5.00204 9.80906
5.03898 10.0324
5.31696 10.0455
5.04302 9.9941
5.00204 10.3913
5.00204 10.2812
5.00204 9.86466
5.00204 9.75175
5.03898 10.0747
5.03898 10.1027
5.03898 10.0833
5.02119 10.0811
5.10531 10.0753
5.10531 9.90733
5.00204 10.2385
5.00204 9.89714
5.04216 10.1982
5.04216 10.0991
5.04216 9.83278
5.00204 10.1577
5.00204 9.86276
5.00204 9.93955
5.00204 9.85864
5.00204 10.1071
5.00204 9.91481
5.00204 9.89911
5.00204 9.89388
5.00204 9.82349
5.00204 10.0354
5.00204 10.191
5.00204 10.0969
5.00204 9.99612
5.00204 10.1925
5.00204 10.2537
5.00204 9.98752
5.00204 9.7838
5.00204 9.82634
5.00204 9.85261
5.00204 9.83623
5.00204 9.82542
5.00204 9.94602
5.00204 10.0858
5.00204 10.2474
5.00204 10.1223
5.17781 9.99777
5.00204 10.029
5.00204 10.0196
4.98426 9.97568
4.98426 9.90495
4.98426 9.80461
4.98426 9.98195
5.00204 9.95423
4.98426 9.9089
4.98426 10.0192
4.98426 9.99168
5.11206 10.1337
5.02119 10.1786
5.11206 10.0537
4.98426 10.112
4.98426 10.3641
4.98426 9.95835
4.98426 9.86869
4.98426 9.96779
4.98426 10.1705
4.98426 10.0247
4.98426 9.86855
4.98426 9.87919
4.98426 9.94535
4.98426 9.94677
4.98426 9.8763
4.98426 9.89356
4.98426 10.0056
4.98426 10.0694
4.98426 10.1229
4.98426 9.84219
4.98426 10.0878
4.98426 10.0772
5.06456 9.96127
5.06456 9.85003
5.06456 10.0864
5.06456 9.82282
5.06456 10.2344
5.06456 10.1011
5.06456 9.8852
5.06456 10.0997
5.06456 10.0837
5.06456 10.0286
5.06456 9.92336
5.1015 10.1921
5.06456 10.2139
5.1015 10.2986
5.06456 10.085
5.06456 10.2756
5.06456 9.96024
5.06456 10.0458
5.06456 10.0312
5.06456 10.2984
5.06456 9.98427
5.06456 9.9125
5.06456 9.95029
5.06456 10.1766
5.06456 10.1754
5.06456 10.0743
5.06456 10.0156
5.06456 10.0687
5.06456 9.8661
5.06456 9.91785
5.06456 9.99635
5.06456 9.95889
5.21135 10.0641
5.12771 10.1294
5.1015 10.0026
5.16465 10.0655
5.12771 10.0353
5.06456 10.029
5.06456 9.9785
5.06456 10.0348
5.11206 10.0575
5.06456 10.0405
5.06456 10.0356
5.1015 10.116
5.06456 10.1654
5.06456 10.0585
5.06456 10.085
5.06456 9.85879
5.06456 9.99472
5.06456 9.89412
5.06456 10.1059
5.06456 10.0572
5.1015 10.0794
5.1015 10.181
5.29599 10.1454
5.10554 10.195
5.3004 10.0438
5.29599 10.1123
5.10554 10.1768
5.14247 10.3817
5.14247 10.2903
5.19237 10.4179
5.1015 10.0396
5.06456 10.1553
5.06456 10.0076
5.06456 10.2541
5.06456 9.99109
5.06456 10.1644
5.06456 10.0675
5.06456 10.0729
5.06456 10.0166
5.25942 9.95696
5.06456 10.227
5.06456 10.0652
5.06456 10.2481
5.19237 10.2482
5.1015 10.2584
5.06456 10.175
5.06456 10.1601
5.06456 10.0665
5.06456 9.91093
5.10468 9.95396
5.06456 9.88984
5.06456 10.0798
5.06456 9.9858
5.06456 10.078
5.06456 9.92771
5.06456 10.0722
5.06456 9.65631
5.06456 9.78748
5.06456 10.0431
5.06456 9.99111
5.06456 9.97744
5.13731 9.95064
5.17424 10.1526
5.06456 10.3287
5.06456 10.039
5.06456 10.1776
5.1015 10.1285
5.06456 10.1945
5.06456 10.0263
5.06456 10.2058
5.06456 10.099
5.06456 10.0431
5.06456 9.96221
5.06456 9.99282
5.06456 9.90988
5.06456 10.1301
5.06456 9.93579
5.06456 9.93697
5.06456 10.3015
5.06456 10.0097
5.06456 9.91498
5.06456 9.97046
5.06456 10.1681
5.06456 10.065
5.06456 9.95009
5.40401 10.0089
5.06939 9.97976
5.06456 10.0476
5.06456 9.90671
5.06456 9.91119
5.06456 9.90888
5.06456 10.0568
5.1015 10.1905
5.06456 9.91573
5.06456 10.0798
5.02602 10.0131
4.98909 10.2062
4.98909 9.88752
4.98909 9.92135
4.98909 9.92043
4.98909 9.895
5.2645 10.2104
5.17508 10.1926
4.98909 10.4308
4.98909 9.89784
4.98909 9.73557
4.98909 9.885
4.98909 9.78654
4.98909 9.97303
4.98909 10.0891
4.98909 10.2765
4.98909 10.1023
4.98909 9.91715
4.98909 9.77807
4.98909 9.95445
4.98909 10.0472
4.98909 10.0549
4.98909 10.0379
4.98909 10.2004
4.98909 10.0834
4.98909 9.83458
4.98909 10.0337
5.03344 9.9769
5.03344 10.0631
4.98909 10.1033
4.98909 10.0854
4.98909 10.0414
5.02602 9.9744
5.02602 10.1741
4.98909 9.93916
4.98909 10.0422
4.98909 10.0986
4.98909 10.0711
4.9973 9.96774
4.98909 10.2185
4.98909 10.0507
4.98909 9.92996
4.98909 10.0249
4.98426 9.8856
4.98426 9.82427
5.02119 10.0275
5.31888 9.96953
5.31888 10.1804
5.17912 10.2648
5.02437 10.3638
5.02602 10.0508
5.02602 10.2929
5.02602 10.0281
5.02119 9.98289
4.98909 10.1074
5.09083 10.0872
4.98909 10.1451
4.98426 10.3025
4.98426 10.0865
4.98426 10.1546
4.98426 10.032
4.98426 9.81449
5.02119 9.86467
4.98426 10.1708
4.98426 10.0357
5.11645 9.90244
5.07927 10.1411
5.07927 10.2435
5.07927 10.2747
5.16943 10.0244
5.07927 10.1215
5.07927 9.94728
5.07927 10.0745
5.07927 10.041
5.07927 9.9501
5.07927 10.1254
5.07927 10.0334
5.07927 10.061
5.07927 9.88049
5.07927 9.82043
5.07927 9.82206
5.07927 10.1455
5.07927 9.88141
5.07927 9.80329
5.11645 9.77255
5.11645 10.1784
5.11645 10.0649
5.07927 9.9225
5.11645 9.96015
5.11645 9.92854
5.07927 9.97138
5.07927 10.0055
5.11645 9.98138
5.11645 10.3324
5.07927 10.1917
5.11645 10.2016
5.11645 10.0971
5.11645 10.1136
5.11645 10.0247
5.11645 10.0678
5.06732 10.1252
5.06732 10.2543
5.06732 10.1567
5.06732 10.0307
5.03038 10.2243
5.03038 10.0781
5.03038 10.3207
5.03038 10.134
5.03038 9.80497
5.03038 9.84632
5.03038 9.83569
5.03038 9.77782
5.03038 9.98598
5.03038 10.0684
5.16302 10.1099
5.06732 10.0776
5.06732 10.0777
5.07215 10.1516
5.06732 10.0353
5.03038 10.1846
5.03038 10.0298
5.03038 9.95369
5.03038 9.68626
5.22524 9.94991
5.03038 10.1342
5.03038 9.88702
5.03038 10.0704
5.03038 10.4231
5.03038 10.2076
5.03038 10.0737
5.03038 9.88155
5.03038 10.0155
5.03038 10.3183
5.03038 10.0496
5.03038 10.037
5.03038 10.0917
5.03038 10.007
4.99247 10.0289
4.99247 9.79921
4.99247 10.0807
4.99247 9.99141
4.99247 10.0521
4.99247 9.72569
4.99247 9.84715
5.12028 10.1897
5.12028 10.0961
4.99247 10.2605
5.02941 9.99533
5.02941 10.164
4.99247 10.0525
4.99247 9.95703
4.99247 9.81252
4.99247 9.98691
4.99247 9.89266
4.99247 9.96479
4.99247 9.96754
4.99247 9.81856
4.99247 9.98211
4.99247 10.0147
4.99247 9.99239
5.18733 10.2713
4.99247 10.1318
4.99247 10.336
4.99247 9.86491
5.12028 10.0764
5.02941 10.2581
5.32654 10.044
5.00934 10.2844
5.11259 10.2207
5.00934 10.0507
5.00934 10.2282
5.00934 10.197
5.00934 10.1492
5.00934 10.1178
5.04627 10.047
5.00934 10.4622
5.04627 10.1788
5.04627 10.2262
5.2042 10.1827
5.00934 10.4297
5.00934 10.287
5.00934 9.90106
5.00934 9.97142
5.00934 9.70732
5.00934 10.0671
5.00934 10.0386
5.04627 10.1072
5.13714 10.1774
5.13714 10.2173
5.04627 9.9924
5.04627 10.155
5.00934 9.96033
5.04627 9.88828
5.04627 9.99058
5.04627 10.1299
5.02713 10.0995
5.04627 10.0241
5.00934 10.1028
5.03776 9.89476
5.02483 9.77654
5.01021 9.93421
5.01021 10.0465
5.002 9.95585
5.04627 9.94991
5.002 10.015
5.00112 9.9578
5.03806 9.91411
5.03806 10.0025
5.002 10.242
5.07944 10.064
5.0725 9.98676
5.0725 10.0769
5.0725 10.0569
5.08079 10.0031
5.04627 10.2306
5.08079 10.0457
5.08079 10.0609
5.08079 9.92022
5.08079 10.0928
5.08079 10.0018
5.08079 10.1937
5.08079 10.2429
5.08079 10.0611
5.08079 9.97987
5.08079 10.0961
5.08079 10.1063
5.11692 10.1565
5.08079 10.1708
5.08079 10.1862
5.08079 10.0208
5.08079 10.2332
5.08079 10.015
5.08079 9.93098
5.08079 9.79239
5.13471 10.0561
5.29263 9.99865
5.08079 10.1989
5.08079 10.0468
5.09857 10.12
5.09857 9.96532
5.13471 9.98401
5.09857 10.0711
5.09857 10.1169
5.09857 10.1306
5.09857 9.94336
5.09857 9.99736
5.09857 9.95171
5.09857 10.0063
5.09857 10.1226
5.09857 9.99086
5.09857 10.0551
5.09857 9.7905
5.09857 9.91318
5.09857 9.81945
5.09857 9.90943
5.09857 9.90416
5.43239 10.07
5.13471 10.1451
5.43239 10.0026
5.29263 10.1821
5.22558 10.4066
5.09857 10.3089
5.09857 10.0789
5.09857 10.3528
5.09857 10.1045
5.10655 9.98293
5.10655 10.1027
5.10655 10.1071
5.10655 10.0394
5.10655 10.1252
5.10655 10.1627
5.10655 10.0526
5.10655 9.94798
5.10655 9.90689
5.10655 10.0105
5.10655 10.0604
5.10655 10.1115
5.10655 9.93432
5.10655 10.3053
5.10655 10.0586
5.10655 9.76777
5.10655 9.91585
5.10655 10.1062
5.10655 9.84789
5.10655 9.77035
5.10655 9.72625
5.09535 10.1333
5.09535 10.446
5.09623 10.2905
5.09623 10.1658
5.09623 9.96332
5.09623 10.2001
5.09945 10.1524
5.09623 10.0058
5.13558 10.0688
5.13254 10.0656
5.13254 9.98521
5.09945 10.1323
5.09945 10.0178
5.09945 10.0655
5.09945 10.0958
5.09945 10.1365
5.09945 10.0766
5.09945 10.2231
5.16676 10.0907
5.09945 10.189
5.09945 9.91753
5.27786 9.99466
5.09623 10.06
5.09623 10.3199
5.09623 9.96959
5.08331 9.89047
5.08331 9.93102
5.08331 10.325
5.08331 9.97327
5.08331 10.0238
5.08331 10.0702
5.08331 10.0836
5.08331 9.92918
5.08331 10.1183
5.08331 9.98795
5.08331 9.86998
5.08331 9.79218
5.08331 9.88615
5.07848 10.076
5.07848 9.98852
5.08331 9.92148
5.07848 10.1543
5.06462 10.0381
5.06462 10.104
5.07848 9.99867
5.08331 9.93528
5.06945 9.98603
5.10638 10.1154
5.09701 10.1485
5.25493 10.2622
5.27689 10.3156
5.09701 10.4708
5.0607 10.2173
5.09701 10.0963
5.09701 10.3179
5.0607 10.074
5.0607 10.0186
5.0607 9.99299
5.0607 10.1924
5.0607 9.96946
5.1462 10.3014
5.04683 10.2591
5.04683 10.0992
5.04683 9.9004
5.04683 10.0215
5.09701 10.175
5.0607 10.2161
5.0607 9.89763
5.04683 9.96948
5.04683 9.98638
5.13946 10.0385
5.13946 10.0151
5.13946 10.2026
5.17577 10.2779
5.17463 10.1887
5.17463 10.4019
5.17463 10.4166
5.04683 10.2472
5.08376 9.96898
5.13387 10.0321
5.08376 10.1193
5.08376 10.1308
5.04683 10.1885
5.04683 10.1671
5.04683 10.1487
5.04683 10.0478
5.08376 10.2146
5.04683 10.2152
5.04683 10.1294
5.08376 10.1538
5.08376 10.0546
5.04683 10.0939
5.04683 10.0872
5.04683 10.0628
5.04683 10.0962
5.04683 9.80306
5.04683 9.76588
5.04683 10.1454
5.04683 10.1175
5.04683 10.0538
5.04683 9.96578
5.04683 9.84462
5.24169 10.0127
5.24169 10.1346
5.08376 10.3285
5.17463 10.243
5.08376 10.075
5.08376 10.0456
5.08376 10.1641
5.08376 9.95909
5.08376 10.0614
5.08376 10.2295
5.04683 10.1359
5.17463 10.2704
5.17463 10.1338
5.17463 10.3214
5.04683 10.2986
5.04683 10.2545
5.04683 9.92052
5.04683 9.79483
5.04683 9.97435
5.04683 9.92752
5.04683 10.1813
5.04683 9.98081
5.1739 9.89747
5.13699 10.0763
5.04683 10.1152
5.04683 10.2065
5.04683 9.85759
5.08376 9.89868
5.04683 10.233
5.04683 10.03
5.04683 10.0103
5.04683 9.99087
5.04683 9.91189
5.04683 10.0361
5.08376 10.0536
5.04683 10.0578
5.08376 10.2491
5.1534 9.91146
5.04683 10.1364
5.08376 9.97915
5.08376 10.0841
5.04683 10.1687
5.08376 10.1451
5.16177 10.2368
5.04683 10.413
5.04683 10.0157
5.04683 10.1062
5.09572 10.1146
5.04683 10.043
5.04683 9.80583
5.04683 9.83176
5.04683 9.91501
5.17463 9.981
5.04683 9.92057
5.08376 10.2082
5.08376 10.003
4.99247 10.2431
5.26942 10.2122
5.24169 10.282
5.26942 10.0982
5.24169 10.2033
5.24169 10.2491
5.08376 10.2259
5.08376 10.3495
5.08376 10.0879
5.04683 10.0082
5.04683 9.97184
5.04683 9.82354
5.04683 10.0105
5.04683 10.0942
5.04683 9.99798
5.24169 10.1733
5.08376 10.2024
5.04683 9.96989
5.04683 10.1488
5.04683 9.93753
5.04683 10.0798
5.08376 10.1029
5.04683 9.90316
5.17463 10.1624
5.04683 10.1648
5.04683 10.1986
5.04683 10.0111
5.04683 10.0905
5.04683 10.0556
5.03038 9.7448
4.98426 9.76604
4.98426 10.0451
5.04683 9.86722
4.98426 10.1862
5.04683 10.0024
5.02119 10.2439
5.02119 10.0694
5.31688 10.1226
5.17912 10.4992
5.02119 10.2379
5.02119 10.0726
5.02119 10.3596
5.02119 10.095
4.98426 9.94001
4.98426 9.91502
4.98426 9.92399
4.98426 9.85634
4.98426 9.87239
4.98426 9.94769
4.98426 9.86007
4.98426 9.87344
5.02119 9.92407
4.98426 10.2779
4.98426 10.0718
5.02119 10.1237
5.02119 10.2133
4.98426 10.2698
4.98426 10.1344
5.27438 9.99487
5.11206 10.2047
5.02119 10.081
5.02119 10.2179
4.98426 10.2828
5.02119 10.2137
5.02119 10.1183
4.98426 10.14
4.98426 10.1836
5.32466 10.2182
4.98426 10.2387
4.98426 10.1749
4.98426 10.0402
4.98426 9.97689
4.98426 10.3415
4.98426 9.73143
4.98426 10.0326
4.98426 9.90373
4.98426 9.88331
4.98426 10.0546
4.98426 9.78289
4.98426 9.83454
4.98426 9.80878
4.98426 9.8927
4.98426 10.0912
4.98426 9.7603
4.98426 9.96689
4.98426 9.95005
4.98426 10.0689
4.98426 9.80365
4.98426 9.90207
4.98426 10.1706
5.03038 10.0357
4.98426 10.0198
5.17912 10.0507
5.17912 10.0753
4.98426 9.91345
4.98426 10.0071
4.98426 10.0854
4.98426 9.92892
4.98426 9.84495
4.98426 10.0727
4.98426 9.86731
4.98426 10.1316
4.98426 10.0812
4.98426 9.99437
5.11645 9.9431
5.02119 10.0935
4.98426 10.0325
4.98426 10.0701
5.02119 10.0103
5.02119 9.96719
5.02119 9.99682
4.98426 10.0554
4.98426 9.91533
4.98426 10.044
4.98426 10.1268
4.98426 9.8858
4.98426 9.87193
4.98426 9.72607
4.98426 10.0185
4.98426 9.84844
4.98426 9.9957
4.98426 9.7611
4.98426 10.0349
4.98426 9.85086
4.98426 9.93687
4.98426 9.77504
4.98426 10.0819
4.98426 10.1132
4.98426 10.1633
4.98426 10.0315
4.98426 9.86548
4.98426 10.0939
4.98426 9.98995
4.98426 9.93008
4.98426 9.85345
4.98426 10.0202
4.98426 9.94452
4.98426 9.92909
4.98426 9.98031
4.98426 9.8678
4.98426 9.98893
4.98426 9.81182
4.98426 9.93457
4.98426 9.91128
4.98426 10.0026
5.17912 9.94337
5.02119 10.0772
5.02119 10.108
4.98426 10.1042
4.98426 10.1372
4.98426 10.2327
4.98426 10.0098
4.98426 10.0047
4.98426 10.1504
4.98426 9.89287
4.98426 9.83041
5.31888 10.1309
5.06257 10.2198
4.98426 10.1853
4.98426 9.96872
4.98426 10.0093
4.98426 9.67118
4.98426 10
4.98426 10.0638
5.1173 10.0229
5.02119 10.1912
4.98426 10.2536
5.02119 10.0132
5.02119 10.0528
5.02119 9.94739
4.98426 10.0816
4.98426 10.053
4.98426 9.97263
4.98426 9.97962
4.98426 9.90097
4.98426 9.87598
4.98426 9.95113
4.98426 9.83771
4.98426 10.0434
4.98426 10.216
4.98426 9.94559
4.98426 10.0354
4.98426 10.07
5.02119 10.0234
5.02119 10.0385
5.02119 9.8647
5.02119 9.98103
5.02119 10.05
4.98426 10.261
4.98426 9.89026
4.98426 9.91398
4.98426 9.81826
5.13363 9.94883
5.08012 10.0292
5.08012 10.1486
5.1173 10.2158
5.27523 10.1407
5.08012 10.2352
5.08012 10.1088
5.1173 10.1913
5.08012 10.1689
5.1173 10.0159
5.1173 10.1853
5.07189 10.044
5.08012 10.0223
5.13509 9.87035
5.20817 10.1299
5.08012 10.143
5.08012 9.95901
5.08012 10.0545
5.08012 10.1456
5.08012 10.0866
5.08012 9.82272
5.22377 10.1868
5.14185 10.2003
5.09572 10.226
5.09572 10.3831
5.09572 10.0683
5.09572 9.91674
5.09572 10.1493
5.24413 10.0213
5.22377 10.065
5.20719 10.1427
5.20719 10.3284
5.20719 10.2702
5.20719 10.1415
5.335 10.2241
5.335 10.1816
5.24413 10.2313
5.20719 10.0762
5.20719 10.1192
5.335 10.2762
5.335 10.1218
5.335 10.1645
5.20719 9.99424
5.54181 10.0405
5.40205 10.2437
5.24413 10.1888
5.24413 10.1442
5.20719 10.1482
5.20719 10.0574
5.20719 10.2029
5.20719 9.98819
5.20719 9.76507
5.20719 10.1183
5.20719 10.4227
5.20719 9.79336
5.20719 9.9896
5.20719 10.0715
5.20719 9.99716
5.43351 10.0321
5.11036 10.2751
5.11036 10.206
5.11036 10.3204
5.07342 10.3293
5.07342 10.1802
5.07342 10.0313
5.07342 9.90599
5.07342 9.87908
5.07342 9.83519
5.07342 9.78445
5.07342 10.2362
5.07342 9.99473
5.07342 10.2733
5.07342 10.241
5.04817 9.92458
5.17598 10.0555
5.04817 10.1204
5.04817 10.1132
5.04817 10.0378
5.03038 10.0013
5.04817 9.84666
5.08511 10.2215
5.04817 10.0858
5.04817 9.88064
5.04817 9.93101
5.04817 9.92949
5.04817 9.88262
5.04817 10.0057
5.04817 10.0523
5.00204 9.94206
5.00204 9.94162
5.03898 9.92112
5.03898 10.2281
5.03898 10.3269
5.00204 10.2963
5.00204 10.1708
5.00204 10.0871
5.00204 10.0892
5.00204 9.99464
5.00204 10.0208
5.33856 10.0423
5.33856 10.2256
5.174 10.0891
5.15622 10.2508
5.06614 10.348
5.06614 10.1381
5.0292 10.1066
5.0292 10.3157
5.0292 9.91103
5.06614 10.104
5.06614 10.069
5.0292 9.99704
5.06614 9.93664
5.0292 10.197
5.0292 10.0526
5.0292 10.0218
5.0292 10.1342
5.0292 10.1438
5.0292 10.0561
5.0292 10.0288
5.0292 9.76495
5.12102 10.201
5.0292 10.026
5.0292 9.97786
5.0292 9.97602
5.0292 9.92366
5.0292 9.95504
5.0292 9.8991
5.0292 9.82788
5.0292 9.97855
5.0292 10.1043
5.0292 10.0607
5.0292 10.0029
5.0292 9.79162
5.15622 9.92485
5.0292 10.1374
5.0292 10.139
5.0292 10.1052
5.0292 10.0255
5.0292 9.85107
5.17994 10.0448
5.15622 10.2249
5.14301 10.3415
5.11875 10.3311
5.11875 10.2095
5.14301 10.0262
5.14301 10.1151
5.14301 9.99198
5.17994 10.0605
5.22984 10.1824
5.22984 10.1996
5.14301 9.97036
5.14301 10.2301
5.17994 10.2914
5.17994 10.1462
5.17994 10.2562
5.17994 10.0604
4.98909 9.87255
4.98909 10.1516
4.98909 9.95397
4.98909 10.0383
5.02602 9.89633
5.02602 10.2329
5.45934 10.2532
5.02602 10.2664
5.02602 10.1
4.98909 9.92926
4.98909 10.0447
4.98909 9.87192
4.98909 9.7916
4.98909 9.79774
4.98909 9.91698
4.98909 9.9199
4.98909 9.91484
4.98909 10.0356
4.98909 10.1572
4.98909 10.0566
4.98909 10.0806
4.98909 9.9661
4.98909 9.92821
4.98909 9.94128
4.98909 9.82549
4.98909 9.90894
4.98909 9.912
4.98909 9.75738
4.98909 10.1065
4.98909 10.0138
4.98909 9.85533
4.98909 10.0646
4.98909 10.0346
4.98909 9.96099
4.98909 9.97193
4.98909 9.88786
4.98909 10.0419
4.98909 9.92563
4.98909 10.1007
4.98909 10.0749
4.98909 10.1621
5.02602 10.065
4.98909 10.0254
4.98909 10.0833
4.98909 9.96313
4.98909 9.96596
4.98909 9.97396
4.98909 9.92608
4.98909 10.025
4.98909 10.3053
4.98909 9.88725
4.98909 10.0295
4.98909 10.0233
4.98909 10.0327
5.02602 9.92716
5.02602 9.97235
4.98909 9.98488
4.98909 9.99806
4.98909 10.2263
4.98909 10.1193
4.98909 9.71958
4.98909 9.98639
4.98909 9.86051
4.98909 10.1461
4.98909 10.1003
4.98909 9.97653
4.98909 10.0015
4.98909 9.85569
4.98909 9.74665
4.98909 9.91416
4.98909 9.88581
4.98909 9.99151
4.98909 9.95225
4.98909 9.90969
4.98909 10.0394
4.9973 9.87663
5.18394 9.95113
5.18394 10.2507
4.98909 10.0619
4.98909 9.82531
4.98909 10.0403
4.98909 9.97714
5.27379 10.3009
4.98909 10.3006
4.98909 10.0561
4.98909 10.0037
4.98909 9.99008
4.98909 10.091
4.98909 10.033
4.98909 9.86739
4.98909 10.0199
4.98909 9.89911
4.98909 9.92062
4.98909 10.1335
4.98909 9.97296
5.02602 9.88147
4.98909 9.94457
4.98909 10.0963
4.98909 9.94762
5.17581 10.0543
4.98909 10.0201
4.98909 10.2401
4.98909 9.932
5.10434 10.0425
5.10434 10.2378
5.02602 10.1879
5.02602 10.0225
5.02602 10.0685
4.98909 9.83914
4.98909 10.0592
4.98909 9.96554
4.98909 9.97715
4.98909 10.002
4.98909 10.1517
5.32371 10.0466
5.02602 10.1583
4.98909 9.99377
4.98909 9.99339
4.98909 9.91749
4.98909 10.0693
4.98909 10.0678
4.98909 10.1704
4.98909 9.97275
4.98909 10.1775
4.98909 10.1361
4.98909 10.0243
4.98909 10.0674
4.98909 10.0237
4.98909 10.0502
4.98909 9.95899
4.98909 9.99002
4.98909 9.84291
4.98909 9.91765
4.98909 9.83752
4.98909 9.97695
4.98909 9.64759
4.98909 9.86723
4.98909 9.79712
4.98909 9.91503
4.98909 9.97986
4.98909 10.2835
4.98909 9.95386
4.98909 10.0861
5.02602 9.7873
5.02602 10.0606
4.98909 10.0834
4.98909 10.045
5.11689 10.0597
5.11689 10.1816
4.98909 10.1294
5.02602 10.0629
5.02602 10.1119
4.98909 10.1109
5.02602 10.1467
5.02602 10.169
5.18394 10.1915
4.98909 10.2438
4.98909 10.1261
4.98909 10.1782
4.98909 9.90212
4.98909 10.0594
4.98909 10.1377
4.98909 9.98164
4.98909 10.0052
4.98909 9.9746
4.98909 10.0625
4.98909 10.1315
5.07925 10.1532
5.02434 10.0844
4.98909 10.1602
5.02434 10.29
5.02434 10.0572
5.02434 9.92966
5.02434 9.9949
5.02434 10.1046
5.02434 10.1784
5.02434 10.2115
5.02434 10.0083
5.02434 9.98358
5.06128 10.0804
5.15215 10.1147
5.15215 10.2791
5.06128 10.0888
5.06128 9.96759
5.14158 10.1166
5.14158 10.1028
5.06128 10.0682
5.06128 10.0734
5.06128 10.0673
5.06128 10.084
5.02434 10.1812
5.06128 10.0663
5.06128 9.96893
5.06128 10.0966
5.2192 10.148
5.06128 10.2695
5.06128 10.0552
5.06128 10.2793
5.06128 10.0159
5.06128 10.0512
5.02434 10.2312
5.02434 9.90188
5.06128 9.92387
5.32842 10.0903
5.32842 10.2895
5.32842 10.2804
5.32842 10.1421
5.35387 10.2895
5.32842 10.359
5.35387 10.4338
5.35387 10.3544
5.20878 10.0862
5.24889 9.97797
5.35387 10.0419
5.42403 10.1101
5.3975 10.4152
5.3663 10.4453
5.3663 10.2848
5.25897 10.2379
5.2192 10.2612
5.15215 10.2901
5.15215 10.4184
5.02434 10.2454
5.02434 10.1353
5.02434 10.0229
5.02434 10.0349
5.02434 9.85454
5.02434 9.78201
5.02434 10.0898
5.02434 9.89129
5.02434 9.90246
5.02434 9.96778
5.02434 10.2183
5.02434 9.92557
5.15215 9.9957
5.02434 10.1679
5.02434 9.94293
5.15215 10.0666
5.06128 10.287
5.02434 10.1432
5.02434 10.1119
5.02434 10.0782
5.01662 10.0995
5.06128 9.8375
5.01662 9.91272
5.02434 10.1107
5.02434 10.1383
5.02434 10.2542
5.02434 9.91007
5.02434 10.0621
5.02434 9.96228
5.02434 9.89125
5.02434 10.4307
5.06128 10.2932
5.49459 10.0489
5.17113 10.1349
5.17113 10.027
5.06128 10.0341
5.06128 10.0858
5.17113 10.149
5.17113 10.2068
5.16341 10.1976
5.17113 10.1277
5.0936 10.2064
5.0936 10.0507
5.0936 10.1303
5.0936 10.2423
5.0936 9.97962
5.05667 9.95599
5.05667 10.0908
5.0936 10.0666
5.0936 10.0394
5.0936 10.1273
5.05667 10.0941
5.05667 10.0849
5.0936 10.3355
5.05667 10.0216
5.05667 10.2848
5.05667 10.0948
5.05667 10.155
5.05667 9.99735
5.05667 10.0323
5.05667 10.096
5.2238 10.2209
5.2238 10.0216
5.16126 10.3978
5.03345 10.1007
5.03345 9.87997
5.03256 10.092
5.03256 10.1882
4.98426 10.2744
4.98426 10.0058
5.02119 9.92208
5.02119 10.1371
4.98426 9.94984
4.98426 10.0004
4.98426 10.1407
4.98426 9.85904
4.98426 9.95277
4.98426 9.77317
4.98426 9.79243
4.98426 9.85122
4.98426 10.0084
4.98426 10.0054
4.98426 10.183
4.98426 10.1623
4.98426 9.89806
4.98426 9.93083
4.98426 9.85561
4.98426 9.85322
4.98426 9.89966
4.98426 10.0483
4.98426 10.2678
4.98426 9.8955
5.02119 10.0089
5.22462 10.2487
5.02119 10.2166
4.98426 10.1153
4.98426 9.93262
5.23791 9.94714
4.98426 10.1476
5.02119 10.2219
5.0474 10.3304
5.0474 10.1006
5.0474 10.1655
5.03038 10.0764
5.03038 10.0521
5.02941 9.99669
5.02941 9.97095
5.18926 9.98813
5.06732 10.1721
5.02119 10.0269
5.06732 10.3238
4.98426 10.17
5.15819 9.94988
5.22524 10.2046
5.22524 10.1208
5.22524 10.1806
5.22524 10.0588
5.06732 10.0893
5.06732 10.1093
5.06732 10.1995
5.03038 10.18
5.15819 9.91896
5.03038 10.1689
5.03038 10.0238
5.03038 10.1079
5.03038 9.96977
5.07927 10.2007
5.07927 10.2119
5.03038 10.1848
5.03038 10.0364
5.03038 10.1788
5.03038 10.1446
5.03038 10.065
5.03038 10.1668
5.03038 10.1947
5.15819 9.94812
5.22524 10.1801
5.03038 10.1031
5.03038 10.1418
5.03038 10.0622
5.03038 10.1813
5.03038 10.096
5.06732 9.97094
5.06732 10.0878
5.03038 10.0012
5.03038 10.147
5.03038 9.87534
5.03038 9.75597
5.03038 9.95397
5.03038 10.1239
5.03038 9.94911
5.03038 9.93109
5.03038 9.90041
5.03038 9.85212
5.03038 9.92275
5.03038 10.0576
5.03038 9.77872
5.03038 9.99244
5.11505 10.2352
5.11505 10.2153
5.03038 10.0273
5.03038 10.188
5.03038 10.1741
5.03038 9.81839
5.22524 9.9741
5.03038 10.2013
5.03038 10.1633
5.03038 10.2665
5.03038 10.1727
5.03038 10.1397
5.03038 10.2335
5.22524 10.1631
5.03038 10.2139
5.22524 10.2416
5.03038 10.0885
5.22524 10.1037
5.03038 10.168
5.03038 10.1652
5.03038 10.1479
5.03038 10.1531
5.03038 10.0988
5.03038 9.88462
5.03038 10.257
5.03038 10.0981
5.03038 9.91179
5.03038 10.1686
5.03038 10.0024
4.98426 10.247
5.15819 10.1844
5.03038 10.017
5.03038 10.1833
5.03038 10.094
5.03038 10.1805
5.03038 10.0096
5.03038 10.1188
5.03038 9.68407
5.03038 10.0021
5.15819 10.0508
5.03038 10.2027
5.03038 10.1628
5.03038 10.3603
5.03038 10.2222
5.03038 9.80384
5.03038 9.87613
5.03038 9.87472
5.03038 9.95674
5.03038 10.0992
5.03038 9.98883
5.03038 9.9825
5.03038 10.0614
5.03038 9.915
5.03038 9.91487
5.03038 10.0014
5.03038 10.0445
5.15819 9.97767
5.06732 10.1749
5.06732 10.0726
5.03038 10.0846
5.03038 10.1239
5.03038 10.1471
5.03038 10.0131
5.03038 10.0266
5.03038 9.98222
5.03038 9.93951
5.03038 10.0239
5.03038 10.0301
5.03038 10.0328
5.03038 10.0882
5.03038 10.013
5.03038 9.98235
5.03038 10.1829
5.03038 10.0435
5.03038 10.2095
5.03038 10.0523
5.03038 9.82093
5.03038 10.0181
4.98426 10.0989
4.98426 10.1108
4.98426 9.85258
4.98426 9.87792
4.98426 9.90289
4.98426 9.89146
4.98426 9.78162
4.98426 9.79419
4.98426 9.77939
4.98426 9.85907
4.98426 9.98211
4.98426 10.0107
4.98426 9.95165
4.98426 10.0468
4.98426 10.0332
4.98426 9.81083
4.98426 9.92467
5.03345 10.1233
5.193 10.0157
5.193 10.2603
5.193 10.1906
5.17912 10.0113
5.02119 10.2092
5.03345 10.1652
5.03345 10.1491
5.03345 9.95816
5.03345 9.71075
5.03345 9.83494
5.03345 9.97072
5.03345 10.0283
5.03345 10.1142
5.03345 9.84876
5.03345 10.0036
5.36807 10.044
5.22831 10.1834
5.03345 10.2256
5.03345 9.94292
5.03345 9.83369
5.03345 9.81461
5.03345 9.93667
5.03345 9.82686
5.03345 9.89499
5.03345 9.65534
5.03345 9.79697
5.03345 9.99733
5.03345 10.1835
5.03345 9.86337
5.03345 9.94294
5.07039 10.131
5.16126 10.2791
5.03345 10.2303
5.03345 10.305
5.03345 10.0896
5.07039 9.71971
5.03345 10.1407
5.03345 10.1269
5.1597 10.0676
5.07039 10.0898
5.38586 10.1067
5.03345 10.2712
5.37385 10.1775
5.08817 10.2667
5.03345 10.098
5.08817 10.2303
5.22831 10.0201
5.03345 10.15
5.05124 10.1252
5.05124 9.97143
5.05124 10.0543
5.05124 10.0272
5.05124 9.83154
5.05124 10.1972
5.05124 10.164
5.05124 10.0486
5.05124 10.0638
5.08817 9.87167
5.05124 10.1512
5.22965 10.1355
5.08817 10.1638
5.08817 10.4226
5.05124 10.1638
5.05124 10.2173
5.08817 10.2318
5.08817 10.2154
5.05124 10.1991
5.05124 10.117
5.05124 9.96158
5.05124 10.1842
5.05124 9.9232
5.05124 10.0516
5.05124 10.0085
5.05124 10.2559
5.08817 10.028
5.08817 10.2099
5.05124 10.0198
5.05124 10.1171
5.05124 10.1383
5.05124 10.0504
5.05124 10.2015
5.05124 9.96962
5.00204 10.0721
5.03898 9.99884
5.03898 10.221
5.03898 9.94595
5.00204 9.84789
5.00204 9.87421
5.00204 9.91334
5.00204 10.0517
5.00204 10.0745
5.00204 9.98984
5.00204 10.0713
5.00204 9.97684
5.00204 10.0137
5.00204 10.0152
5.00204 10.2277
5.00204 9.80988
5.00204 9.77122
5.00204 9.89826
5.00204 10.0271
5.00204 10.0313
5.03898 10.1065
5.03898 10.1072
5.03898 10.1765
5.03898 10.1293
5.03898 10.1339
5.00204 10.1618
5.00204 9.85023
5.00204 9.90547
5.00204 9.93947
5.00204 10.0221
5.00204 10.0245
5.00204 9.98874
5.00204 9.97467
5.00204 9.95813
5.00204 9.93626
5.00204 9.99723
5.00204 9.7582
5.00204 9.78574
5.00204 9.90794
5.00204 10.083
5.00204 9.95087
5.00204 9.90032
4.98426 10.1291
4.98426 9.88012
4.98426 10.1235
4.98426 10.0009
5.05564 9.95813
5.03038 10.1483
4.98426 10.0712
4.98426 9.92056
4.98426 10.0479
4.98426 10.027
4.98426 9.91152
4.98426 9.99982
4.98426 9.80082
4.98426 10.1201
4.98426 9.94643
4.98426 10.0543
4.98426 9.95763
4.98426 10.0099
4.98426 9.73568
4.98426 9.90433
4.98426 9.96026
4.98426 9.97403
4.98426 10.2332
4.98426 10.1672
4.98426 10.0531
4.98426 9.92586
4.98426 10.0441
4.98426 10.0943
4.98426 9.91906
4.98426 9.95635
4.98426 9.75111
4.98426 9.71916
4.98426 10.1121
4.98426 10.0253
4.98426 9.85654
5.02119 9.88182
4.98426 10.3152
4.98426 10.1135
4.98426 9.91664
4.98426 9.85738
4.98426 10.0994
4.98426 10.1167
5.02119 9.96395
4.98426 10.0891
4.98426 9.749
5.02119 10.092
5.02119 10.0983
5.02119 10.0307
4.98426 9.98728
5.02119 9.9578
5.02119 10.1352
5.11206 10.0786
5.02119 10.2448
4.98426 10.0285
5.11206 9.92683
5.11206 10.0845
4.98426 9.97963
4.98426 10.2114
4.98426 9.98997
5.31888 10.0161
5.11206 10.2831
4.98426 10.2025
4.98426 10.2225
4.98426 10.0114
4.98426 9.86266
4.98426 9.99649
4.98426 10.1161
4.98426 10.0039
4.98426 9.84111
4.98426 9.86994
4.98426 9.73651
4.98426 9.81088
4.98426 9.93749
5.30293 9.9664
5.02119 10.1389
5.02119 10.2716
5.02119 9.99386
4.98426 10.1375
4.98426 9.8143
4.98426 10.0201
4.98426 10.0763
4.98426 9.92189
4.98426 10.0552
4.98426 10.1669
4.98426 10.0843
4.98426 9.83788
4.98426 10.0413
4.98426 9.87425
4.98426 9.59798
4.98426 9.93752
4.98426 10.0579
4.98426 10.009
4.98426 10.1088
4.98426 10.0967
4.98426 10.1911
5.17912 10.0761
4.98426 10.0779
4.98426 9.91765
4.98426 9.98903
4.98426 9.91943
4.98426 10.0057
4.98426 10.1303
4.98426 10.1421
4.98426 9.9789
4.98426 10.0957
4.98426 10.0932
4.98426 9.87916
5.16986 10.1012
5.5021 10.2166
5.02119 10.2785
5.02119 10.2965
4.98426 10.0412
4.98426 10.1488
4.98426 10.0163
4.98426 10.007
4.98426 9.82023
4.98426 9.7642
5.02119 9.92766
5.02119 10.1141
5.02119 10.1785
4.98426 10.1098
4.98426 10.087
4.98426 10.1018
5.02119 9.93683
4.98426 10.202
4.98426 10.0525
4.98426 9.86924
4.98426 9.84541
4.98426 9.8128
4.98426 9.91782
4.98426 10.0919
4.98426 9.79217
4.98426 9.86677
4.98426 9.908
4.98426 10.0861
4.98426 9.83724
4.98426 9.94618
4.98426 9.88333
4.98426 9.96352
4.98426 10.0577
4.98426 10.0782
4.98426 10.0591
4.98426 10.068
4.98426 9.96401
4.98426 9.93677
5.02119 9.98181
4.98426 9.94778
4.98426 9.98059
4.98426 9.93731
4.98426 9.93782
4.98426 9.97
4.98426 9.80237
4.98426 9.84189
4.98426 10.0893
4.98426 9.88652
4.98426 9.85259
4.98426 9.89538
4.98426 9.66461
4.98426 9.85975
5.11206 9.93247
4.98426 10.0728
4.98426 10.0932
4.98426 10.142
5.02119 10.1639
4.98426 10.2741
4.98426 10.0665
4.98426 9.91243
4.98426 10.1846
4.98426 9.89936
4.98426 9.93563
4.98426 9.88156
4.98426 9.90584
4.98426 9.90547
4.98426 10.0937
4.98426 9.98733
5.31888 9.90249
5.03345 10.1953
4.98426 9.98146
4.98426 9.94054
4.98426 9.80506
4.98426 9.88733
4.98426 10.0053
4.98426 10.0469
4.98426 9.93708
4.98426 10.111
4.98426 9.84545
4.98426 9.94033
4.98426 9.8159
4.98426 10.0078
5.11206 10.0289
5.02119 9.9158
5.11206 10.1667
5.17912 10.1236
5.17912 10.1981
5.02119 10.1679
5.02119 10.1201
4.98426 10.1823
5.11206 10.0028
4.98426 10.2033
4.98426 10.0533
4.98426 9.89696
4.98426 9.98104
4.98426 10.1056
4.98426 10.0564
4.98426 10.1001
5.02119 9.94966
4.98426 10.0306
4.98426 9.85934
4.98426 10.0808
5.11206 10.1689
5.06131 9.95681
5.06131 9.97416
4.98426 10.1569
4.98426 10.1591
5.1142 10.2172
5.31888 10.1974
4.98426 10.067
4.98426 10.3228
4.98426 10.1837
4.98426 9.91287
4.98426 9.84942
4.98426 9.88227
4.98426 10.1175
4.98426 9.92563
4.98426 9.997
4.98426 9.77147
4.98426 9.80427
4.98426 10.0773
4.98426 10.0464
4.98426 9.95183
4.98426 10.2259
4.98426 10.0341
4.98426 10.0359
4.98426 10.0648
4.98426 10.0186
4.98426 9.99464
4.98426 9.82063
4.98426 9.8928
4.98426 9.83744
4.98426 9.95005
4.98426 10.0508
4.98426 10.2187
4.98426 10.0093
4.98426 9.77645
4.98426 9.94701
5.27432 10.0396
4.98426 10.3961
4.98426 10.0705
4.98426 9.8276
4.98426 9.91309
4.98426 10.0088
5.02119 10.1235
5.02437 10.1898
5.00204 10.3295
4.98426 10.0424
5.13199 9.86484
5.13199 9.97691
5.25918 10.2037
5.23719 10.2644
5.13199 10.4814
5.23719 10.1167
5.10938 10.1136
5.10938 9.92078
5.10938 10.0675
5.10938 9.82923
5.10938 9.9161
5.10938 9.85754
5.10938 10.2852
5.10938 9.95005
5.23719 10.1755
5.10938 10.0883
5.10938 9.91967
5.10938 10.2827
5.10938 10.0732
5.10938 10.0426
5.10938 10.0017
5.10938 10.1284
5.10938 10.1142
5.10938 9.96305
5.10938 9.8933
5.10938 10.1542
5.10938 10.1998
5.10938 10.1632
5.10938 10.0525
5.10938 10.1195
5.10938 9.99688
5.10938 10.2721
5.10938 10.0309
5.10938 10.1922
5.10938 10.2129
5.10938 10.161
5.10938 10.2273
5.11421 10.1599
5.23646 10.0282
5.10938 10.2687
5.10938 10.2049
5.10938 10.188
5.10938 10.1942
5.10938 10.1849
5.10938 10.2083
5.09706 10.0765
5.30424 10.0479
5.10938 10.1633
5.10938 10.1945
5.10938 10.3585
5.10938 10.1633
5.10938 10.0428
5.10938 10.0031
5.10938 10.0418
5.10938 10.1333
5.30321 10.2788
5.23719 10.0956
5.51996 10.4961
5.10938 10.4137
5.10938 10.1653
5.10938 9.91921
5.10938 9.76011
5.10938 9.98269
5.14632 9.93402
5.10938 10.1397
5.10938 9.95758
5.27651 9.98629
5.1495 10.2777
5.23563 10.1875
5.1495 10.3694
5.18643 10.2582
5.27651 10.2253
5.26475 10.2178
5.18643 10.4097
5.18643 10.2417
5.1495 10.1131
5.1495 9.99015
5.1495 10.1057
5.1495 10.074
5.1495 10.0961
5.1495 10.0663
5.1495 9.93312
5.1495 9.92474
5.22882 10.0166
5.1495 10.0436
5.1495 10.1339
5.1495 10.2772
5.18643 10.0396
5.18643 10.122
5.18643 9.89358
5.18643 10.0322
5.1495 10.1786
5.1495 10.1761
5.17824 10.0694
5.17824 10.1605
5.26667 10.2783
5.26779 10.3706
5.44479 10.2166
5.35148 10.4637
5.44479 10.3351
5.54305 10.528
5.43618 10.4446
5.27651 10.3659
5.27651 10.1233
5.27651 10.3738
5.1495 10.1989
5.1495 10.3089
5.1495 10.1443
5.1495 10.1181
5.1495 10.1883
5.1495 10.2599
5.1495 10.0908
5.1495 10.1606
5.1495 10.0521
5.1495 10.1133
5.1495 10.2285
5.17301 10.1461
5.17301 10.1952
5.13718 10.1955
